~~~From Calculating Possible Length Ratios~~~
# =========Best Delta V Total=========== m/s
5111.747m/s

# =========Best Delta Vs=========== m/s
1422.287m/s
1468.651m/s
2220.809m/s

# =========Best Lengths=========== m
2.00m
5.27m
2.73m

# =======Best Length Ratios======= 
0.20
0.53
0.27

# =======Best Mass Fractions====== 
1.86
1.82
2.47

======All Best Combinations======
# =========Delta V=========== m/s
4948.449m/s
4954.319m/s
4960.104m/s
4965.801m/s
4971.406m/s
4982.318m/s
4988.069m/s
4993.686m/s
4999.194m/s
5004.587m/s
5009.859m/s
5015.004m/s
5020.016m/s
5024.888m/s
5029.612m/s
5029.799m/s
5034.891m/s
5039.833m/s
5044.616m/s
5049.232m/s
5053.672m/s
5057.927m/s
5061.987m/s
5065.930m/s
5070.213m/s
5076.058m/s
5081.748m/s
5085.114m/s
5088.218m/s
5091.046m/s
5093.882m/s
5096.923m/s
5102.080m/s
5104.160m/s
5105.882m/s
5108.164m/s
5109.756m/s
5110.874m/s
5111.747m/s
5111.446m/s
5110.610m/s
5108.706m/s
5107.419m/s
5102.896m/s
5095.468m/s
5091.610m/s
5082.601m/s
5069.820m/s
5045.651m/s
5025.588m/s
4999.651m/s
4956.008m/s

# =========Best Lengths=========== m
1.00m 2.64m 6.36m
1.00m 4.55m 4.45m
1.00m 6.45m 2.55m
1.00m 8.45m 0.55m
1.09m 2.36m 6.55m
1.09m 6.45m 2.45m
1.09m 8.64m 0.27m
1.18m 2.82m 6.00m
1.18m 5.00m 3.82m
1.18m 7.27m 1.55m
1.27m 1.64m 7.09m
1.27m 3.91m 4.82m
1.27m 6.27m 2.45m
1.27m 8.64m 0.09m
1.36m 3.18m 5.45m
1.36m 3.27m 5.36m
1.36m 5.73m 2.91m
1.36m 8.09m 0.55m
1.45m 2.73m 5.82m
1.45m 5.09m 3.45m
1.45m 7.36m 1.18m
1.55m 2.00m 6.45m
1.55m 4.27m 4.18m
1.55m 6.55m 1.91m
1.64m 1.18m 7.18m
1.64m 5.27m 3.09m
1.64m 7.45m 0.91m
1.73m 2.00m 6.27m
1.73m 4.00m 4.27m
1.73m 6.00m 2.27m
1.73m 8.00m 0.27m
1.82m 2.55m 5.64m
1.82m 6.18m 2.00m
1.82m 8.00m 0.18m
1.91m 2.45m 5.64m
1.91m 5.91m 2.18m
1.91m 7.64m 0.45m
2.00m 2.09m 5.91m
2.00m 5.27m 2.73m
2.00m 6.82m 1.18m
2.09m 1.18m 6.73m
2.09m 4.18m 3.73m
2.09m 5.55m 2.36m
2.18m 1.27m 6.55m
2.18m 3.82m 4.00m
2.18m 5.18m 2.64m
2.18m 7.55m 0.27m
2.27m 2.82m 4.91m
2.27m 6.00m 1.73m
2.36m 1.09m 6.55m
2.36m 2.82m 4.82m
2.36m 5.27m 2.36m

# =======Best Length Ratios======= 
0.10 0.26 0.64
0.10 0.45 0.45
0.10 0.65 0.25
0.10 0.85 0.05
0.11 0.24 0.65
0.11 0.65 0.25
0.11 0.86 0.03
0.12 0.28 0.60
0.12 0.50 0.38
0.12 0.73 0.15
0.13 0.16 0.71
0.13 0.39 0.48
0.13 0.63 0.25
0.13 0.86 0.01
0.14 0.32 0.55
0.14 0.33 0.54
0.14 0.57 0.29
0.14 0.81 0.05
0.15 0.27 0.58
0.15 0.51 0.35
0.15 0.74 0.12
0.15 0.20 0.65
0.15 0.43 0.42
0.15 0.65 0.19
0.16 0.12 0.72
0.16 0.53 0.31
0.16 0.75 0.09
0.17 0.20 0.63
0.17 0.40 0.43
0.17 0.60 0.23
0.17 0.80 0.03
0.18 0.25 0.56
0.18 0.62 0.20
0.18 0.80 0.02
0.19 0.25 0.56
0.19 0.59 0.22
0.19 0.76 0.05
0.20 0.21 0.59
0.20 0.53 0.27
0.20 0.68 0.12
0.21 0.12 0.67
0.21 0.42 0.37
0.21 0.55 0.24
0.22 0.13 0.65
0.22 0.38 0.40
0.22 0.52 0.26
0.22 0.75 0.03
0.23 0.28 0.49
0.23 0.60 0.17
0.24 0.11 0.65
0.24 0.28 0.48
0.24 0.53 0.24

# =======Best Mass Fractions====== 
1.29 2.15 2.82
1.30 2.14 2.82
1.31 2.12 2.82
1.33 2.11 2.82
1.34 2.10 2.82
1.36 2.07 2.82
1.36 2.12 2.76
1.37 2.11 2.76
1.38 2.09 2.76
1.40 2.08 2.76
1.41 2.06 2.76
1.42 2.05 2.76
1.44 2.03 2.76
1.45 2.02 2.76
1.46 2.00 2.76
1.45 2.08 2.70
1.46 2.06 2.70
1.47 2.04 2.70
1.49 2.03 2.70
1.50 2.01 2.70
1.52 2.00 2.70
1.53 1.98 2.70
1.55 1.96 2.70
1.55 2.02 2.63
1.56 2.01 2.63
1.62 1.89 2.70
1.61 1.95 2.63
1.63 1.93 2.63
1.65 1.92 2.63
1.67 1.90 2.63
1.66 1.96 2.55
1.68 1.94 2.55
1.72 1.90 2.55
1.74 1.88 2.55
1.76 1.86 2.55
1.80 1.82 2.55
1.79 1.89 2.47
1.81 1.86 2.47
1.86 1.82 2.47
1.88 1.80 2.47
1.91 1.77 2.47
1.92 1.82 2.39
1.95 1.80 2.39
2.00 1.75 2.39
2.05 1.70 2.39
2.05 1.77 2.29
2.10 1.72 2.29
2.16 1.66 2.29
2.22 1.68 2.19
2.29 1.61 2.19
2.36 1.55 2.19
2.42 1.56 2.08

~~~From Real Mass Fractions~~~

# =======Best Delta V Total======== m/s
15065.111m/s

# =========Best Delta Vs=========== m/s
5100.104m/s
4344.240m/s
5620.767m/s

# =======Best Mass Fractions====== 
8.33
5.88
9.90

