~~~From Calculating Possible Length Ratios~~~
# =========Best Delta V Total=========== m/s
5209.814m/s

# =========Best Delta Vs=========== m/s
1520.354m/s
1468.651m/s
2220.809m/s

# =========Best Lengths=========== m
2.00m
5.27m
2.73m

# =======Best Length Ratios======= 
0.20
0.53
0.27

# =======Best Mass Fractions====== 
1.86
1.82
2.47

======All Best Combinations======
# =========Delta V=========== m/s
5046.515m/s
5052.385m/s
5058.171m/s
5063.868m/s
5069.472m/s
5080.384m/s
5086.135m/s
5091.752m/s
5097.260m/s
5102.653m/s
5107.926m/s
5113.071m/s
5118.083m/s
5122.954m/s
5127.679m/s
5127.865m/s
5132.958m/s
5137.900m/s
5142.683m/s
5147.299m/s
5151.739m/s
5155.994m/s
5160.054m/s
5163.996m/s
5168.280m/s
5174.125m/s
5179.815m/s
5183.181m/s
5186.285m/s
5189.112m/s
5191.949m/s
5194.989m/s
5200.147m/s
5202.227m/s
5203.949m/s
5206.231m/s
5207.823m/s
5208.940m/s
5209.814m/s
5209.512m/s
5208.676m/s
5206.773m/s
5205.485m/s
5200.962m/s
5193.534m/s
5189.677m/s
5180.668m/s
5167.887m/s
5143.718m/s
5123.655m/s
5097.717m/s
5054.074m/s

# =========Best Lengths=========== m
1.00m 2.64m 6.36m
1.00m 4.55m 4.45m
1.00m 6.45m 2.55m
1.00m 8.45m 0.55m
1.09m 2.36m 6.55m
1.09m 6.45m 2.45m
1.09m 8.64m 0.27m
1.18m 2.82m 6.00m
1.18m 5.00m 3.82m
1.18m 7.27m 1.55m
1.27m 1.64m 7.09m
1.27m 3.91m 4.82m
1.27m 6.27m 2.45m
1.27m 8.64m 0.09m
1.36m 3.18m 5.45m
1.36m 3.27m 5.36m
1.36m 5.73m 2.91m
1.36m 8.09m 0.55m
1.45m 2.73m 5.82m
1.45m 5.09m 3.45m
1.45m 7.36m 1.18m
1.55m 2.00m 6.45m
1.55m 4.27m 4.18m
1.55m 6.55m 1.91m
1.64m 1.18m 7.18m
1.64m 5.27m 3.09m
1.64m 7.45m 0.91m
1.73m 2.00m 6.27m
1.73m 4.00m 4.27m
1.73m 6.00m 2.27m
1.73m 8.00m 0.27m
1.82m 2.55m 5.64m
1.82m 6.18m 2.00m
1.82m 8.00m 0.18m
1.91m 2.45m 5.64m
1.91m 5.91m 2.18m
1.91m 7.64m 0.45m
2.00m 2.09m 5.91m
2.00m 5.27m 2.73m
2.00m 6.82m 1.18m
2.09m 1.18m 6.73m
2.09m 4.18m 3.73m
2.09m 5.55m 2.36m
2.18m 1.27m 6.55m
2.18m 3.82m 4.00m
2.18m 5.18m 2.64m
2.18m 7.55m 0.27m
2.27m 2.82m 4.91m
2.27m 6.00m 1.73m
2.36m 1.09m 6.55m
2.36m 2.82m 4.82m
2.36m 5.27m 2.36m

# =======Best Length Ratios======= 
0.10 0.26 0.64
0.10 0.45 0.45
0.10 0.65 0.25
0.10 0.85 0.05
0.11 0.24 0.65
0.11 0.65 0.25
0.11 0.86 0.03
0.12 0.28 0.60
0.12 0.50 0.38
0.12 0.73 0.15
0.13 0.16 0.71
0.13 0.39 0.48
0.13 0.63 0.25
0.13 0.86 0.01
0.14 0.32 0.55
0.14 0.33 0.54
0.14 0.57 0.29
0.14 0.81 0.05
0.15 0.27 0.58
0.15 0.51 0.35
0.15 0.74 0.12
0.15 0.20 0.65
0.15 0.43 0.42
0.15 0.65 0.19
0.16 0.12 0.72
0.16 0.53 0.31
0.16 0.75 0.09
0.17 0.20 0.63
0.17 0.40 0.43
0.17 0.60 0.23
0.17 0.80 0.03
0.18 0.25 0.56
0.18 0.62 0.20
0.18 0.80 0.02
0.19 0.25 0.56
0.19 0.59 0.22
0.19 0.76 0.05
0.20 0.21 0.59
0.20 0.53 0.27
0.20 0.68 0.12
0.21 0.12 0.67
0.21 0.42 0.37
0.21 0.55 0.24
0.22 0.13 0.65
0.22 0.38 0.40
0.22 0.52 0.26
0.22 0.75 0.03
0.23 0.28 0.49
0.23 0.60 0.17
0.24 0.11 0.65
0.24 0.28 0.48
0.24 0.53 0.24

# =======Best Mass Fractions====== 
1.29 2.15 2.82
1.30 2.14 2.82
1.31 2.12 2.82
1.33 2.11 2.82
1.34 2.10 2.82
1.36 2.07 2.82
1.36 2.12 2.76
1.37 2.11 2.76
1.38 2.09 2.76
1.40 2.08 2.76
1.41 2.06 2.76
1.42 2.05 2.76
1.44 2.03 2.76
1.45 2.02 2.76
1.46 2.00 2.76
1.45 2.08 2.70
1.46 2.06 2.70
1.47 2.04 2.70
1.49 2.03 2.70
1.50 2.01 2.70
1.52 2.00 2.70
1.53 1.98 2.70
1.55 1.96 2.70
1.55 2.02 2.63
1.56 2.01 2.63
1.62 1.89 2.70
1.61 1.95 2.63
1.63 1.93 2.63
1.65 1.92 2.63
1.67 1.90 2.63
1.66 1.96 2.55
1.68 1.94 2.55
1.72 1.90 2.55
1.74 1.88 2.55
1.76 1.86 2.55
1.80 1.82 2.55
1.79 1.89 2.47
1.81 1.86 2.47
1.86 1.82 2.47
1.88 1.80 2.47
1.91 1.77 2.47
1.92 1.82 2.39
1.95 1.80 2.39
2.00 1.75 2.39
2.05 1.70 2.39
2.05 1.77 2.29
2.10 1.72 2.29
2.16 1.66 2.29
2.22 1.68 2.19
2.29 1.61 2.19
2.36 1.55 2.19
2.42 1.56 2.08

~~~From Real Mass Fractions~~~

# =======Best Delta V Total======== m/s
15163.177m/s

# =========Best Delta Vs=========== m/s
5198.171m/s
4344.240m/s
5620.767m/s

# =======Best Mass Fractions====== 
8.33
5.88
9.90

